271
248068
198
40
1144
310
36213
264
5436
440
279
2574
7289
321
1830
279
1534
1528
321
40832
2663
13
271
9764
728
11319
1472
1754
5488
25
271
16
13
4336
357
11069
5436
25
498
32
60
198
17
13
4336
417
11069
5436
25
498
32
11
417
60
198
18
13
4336
351
11069
5436
25
498
32
11
417
11
351
60
198
19
13
2341
11069
5436
25
498
32
11
417
60
198
20
13
4336
414
11069
5436
25
498
32
11
417
11
414
60
198
21
13
4336
458
11069
5436
25
498
32
11
417
11
414
11
458
60
198
22
13
2341
11069
5436
25
498
32
11
417
11
414
60
198
23
13
2341
11069
5436
25
498
32
11
417
60
198
24
13
4336
426
11069
5436
25
498
32
11
417
11
426
60
198
16
15
13
4336
469
11069
5436
25
498
32
11
417
11
426
11
469
60
198
16
16
13
4336
462
11069
5436
25
498
32
11
417
11
426
11
469
11
462
60
198
16
17
13
2341
11069
5436
25
498
32
11
417
11
426
11
469
60
198
16
18
13
4336
353
11069
5436
25
498
32
11
417
11
426
11
469
11
353
60
198
16
19
13
2341
11069
5436
25
498
32
11
417
11
426
11
469
60
198
16
20
13
2341
11069
5436
25
498
32
