271
248068
198
9764
728
11319
1472
279
7289
2923
539
2923
13
271
332
6140
1528
64700
21539
5436
271
332
8804
357
332
11069
13875
25
498
32
60
198
332
8804
417
332
11069
13875
25
498
32
11
417
60
198
332
8804
351
332
11069
13875
25
498
32
11
417
11
351
60
198
332
8115
332
11069
13875
25
498
32
11
417
60
198
332
8804
414
332
11069
13875
25
498
32
11
417
11
414
60
198
332
8804
458
332
11069
13875
25
498
32
11
417
11
414
11
458
60
198
332
8115
332
11069
13875
25
498
32
11
417
11
414
60
198
332
8115
332
11069
13875
25
498
32
11
417
60
198
332
8804
426
332
11069
13875
25
498
32
11
417
11
426
60
198
332
8804
469
332
11069
13875
25
498
32
11
417
11
426
11
469
60
198
332
8804
462
332
11069
13875
25
498
32
11
417
11
426
11
469
11
462
60
198
332
8115
332
11069
13875
25
498
32
11
417
11
426
11
469
60
198
332
8804
353
332
11069
13875
25
498
32
11
417
11
426
11
469
11
353
60
198
332
8115
332
11069
13875
25
498
32
11
417
11
426
11
469
60
198
332
8115
332
11069
13875
25
498
32
11
417
11
426
60
198
332
8804
604
332
11069
13875
25
498
32
11
