271
248068
198
9764
728
36213
411
2923
539
2923
13
271
332
6140
1528
64700
21539
5436
271
332
33957
64700
198
16
13
4336
357
11069
13875
25
498
32
60
198
17
13
4336
417
11069
13875
25
498
32
11
417
60
198
18
13
4336
351
11069
13875
25
498
32
11
417
11
351
60
198
19
13
2341
11069
13875
25
498
32
11
417
60
198
20
13
4336
414
11069
13875
25
498
32
11
417
11
414
60
198
21
13
4336
458
11069
13875
25
498
32
11
417
11
414
11
458
60
198
22
13
2341
11069
13875
25
498
32
11
417
11
414
60
198
23
13
2341
11069
13875
25
498
32
11
417
60
198
24
13
4336
426
11069
13875
25
498
32
11
417
11
426
60
198
16
15
13
4336
469
11069
13875
25
498
32
11
417
11
426
11
469
60
198
16
16
13
4336
462
11069
13875
25
498
32
11
417
11
426
11
469
11
462
60
198
16
17
13
2341
11069
13875
25
498
32
11
417
11
426
11
469
60
198
16
18
13
4336
353
11069
13875
25
498
32
11
417
11
426
11
469
11
353
60
198
16
19
13
2341
11069
13875
25
498
32
11
417
11
426
11
469
60
198
16
20
13
2341
11069
13875
25
498
32
11
417
11
426
60
198
16
21
