271
3925
678
1965
3927
6609
8662
430
25
198
248068
198
58
2014
53983
279
3377
11
2814
5081
70915
413
8155
11
4992
678
5313
11
198
91087
678
11767
321
795
5759
11125
23941
198
248069
271
71093
12305
198
58
12188
11
75988
6093
440
4479
889
321
913
29642
60
198
71093
271
83017
15673
314
854
2600
1260
22373
13
271
83017
15673
314
1204
310
5427
279
6093
364
264
2086
1879
13
271
83017
15673
314
6607
4886
17083
13
271
83017
15673
314
3433
22373
13
271
83017
15673
314
854
22373
13
271
83017
15673
314
1204
279
6093
13081
279
2574
1879
13
271
83017
15673
314
1204
279
6093
13081
6607
4886
13
271
83017
15673
314
279
7830
11767
321
795
5759
11125
13
271
83017
15673
314
279
11767
321
795
5759
11125
13
271
83017
15673
314
279
854
321
3433
22373
13
271
83017
15673
314
1204
279
6093
13081
279
2574
1879
13
271
83017
15673
314
1204
279
6093
13081
6607
4886
13
271
83017
15673
314
279
7830
11767
321
795
5759
11125
13
271
83017
15673
314
279
11767
321
795
5759
11125
13
271
83017
15673
314
279
854
321
3433
22373
13
271
83017
15673
314
1204
279
6093
13081
279
2574
1879
13
271
83017
15673
314
1204
279
6093
13081
6607
4886
13
271
83017
15673
314
279
7830
11767
321
795
5759
11125
13
271
83017
15673
314
279
11767
321
