271
248068
271
248069
271
2
18047
14392
13909
12
8046
29913
271
550
3991
1697
198
71093
198
58
19
11
220
24
11
220
17
11
220
22
11
220
16
11
220
23
11
220
18
11
220
21
11
220
20
60
198
71093
271
4277
271
550
17561
220
16
25
6872
1396
2315
271
71093
198
58
23
11
220
16
23
11
220
19
11
220
16
19
11
220
17
11
220
16
21
11
220
21
11
220
16
17
11
220
16
15
60
198
71093
271
4277
271
550
17561
220
17
25
10466
1396
2315
3294
220
16
20
271
71093
198
58
23
11
220
19
11
220
17
11
220
16
19
11
220
17
11
220
16
21
11
220
21
11
220
16
17
11
220
16
15
60
198
71093
271
4277
271
550
17561
220
18
25
28833
279
2542
314
279
1428
1103
271
71093
198
58
23
11
220
19
11
220
17
11
220
16
19
11
220
17
11
220
16
21
11
220
21
11
220
16
17
11
220
16
15
11
220
18
15
60
198
71093
271
4277
271
550
17561
220
19
25
15495
34217
11
31192
279
23856
2315
494
1396
2315
271
71093
198
58
17
11
220
19
11
220
21
11
220
23
11
220
16
15
11
220
16
17
11
220
16
19
11
220
16
21
11
220
16
23
11
220
