271
248068
271
248069
271
2
17561
220
16
25
6872
1396
2315
271
332
2425
64700
74988
19
11
220
24
11
220
17
11
220
22
11
220
16
11
220
23
11
220
18
11
220
21
11
220
20
60
63
271
332
4935
64700
74988
23
11
220
16
23
11
220
19
11
220
16
19
11
220
17
11
220
16
21
11
220
21
11
220
16
17
11
220
16
15
60
63
271
4277
271
2
17561
220
17
25
10466
1396
2315
3294
220
16
20
271
332
2425
64700
74988
23
11
220
16
23
11
220
19
11
220
16
19
11
220
17
11
220
16
21
11
220
21
11
220
16
17
11
220
16
15
60
63
271
332
4935
64700
74988
23
11
220
19
11
220
16
19
11
220
17
11
220
16
21
11
220
21
11
220
16
17
11
220
16
15
60
63
271
4277
271
2
17561
220
18
25
28833
279
2542
314
279
1428
1103
271
332
2425
64700
74988
23
11
220
19
11
220
16
19
11
220
17
11
220
16
21
11
220
21
11
220
16
17
11
220
16
15
60
63
271
332
4935
64700
74988
23
11
220
19
11
220
16
19
11
220
17
11
220
16
21
11
220
21
11
220
16
17
11
220
16
15
11
220
20
17
60
63
271
4277
271
2
