271
248068
271
248069
271
2
17561
220
16
25
6872
1396
2315
271
332
2425
64700
74988
19
11
220
24
11
220
17
11
220
22
11
220
16
11
220
23
11
220
18
11
220
21
11
220
20
60
63
271
332
4935
64700
74988
23
11
220
16
23
11
220
19
11
220
16
19
11
220
17
11
220
16
21
11
220
21
11
220
16
17
11
220
16
15
60
63
271
4277
271
2
17561
220
17
25
10466
1396
2315
3294
220
16
20
11
8472
279
2542
314
279
1428
1103
271
332
2425
64700
74988
23
11
220
16
23
11
220
19
11
220
16
19
11
220
17
11
220
16
21
11
220
21
11
220
16
17
11
220
16
15
60
63
271
332
4935
64700
74988
23
11
220
19
11
220
16
19
11
220
17
11
220
16
21
11
220
21
11
220
16
17
11
220
16
15
60
63
271
4277
271
2
17561
220
18
25
15495
34217
11
31192
279
23856
2315
494
1396
2315
11
9637
279
1103
11
8472
279
1698
314
69777
5255
271
332
2425
64700
74988
23
11
220
19
11
220
16
19
11
220
17
11
220
16
21
11
220
21
11
220
16
17
11
220
16
15
60
63
271
332
8046
220
16
64700
15495
34217
11069
74988
17
11
220
19
11
220
21
11
220
