271
248068
198
9764
728
944
1472
411
2923
539
2923
13
271
332
4904
356
220
16
25
561
2438
3626
369
6849
2047
314
279
5983
3626
159029
271
1919
3254
279
2438
321
5983
513
23194
11
440
2438
383
279
2047
13
271
332
4904
356
220
17
25
31079
6107
303
279
6105
3626
159029
271
77805
369
303
279
6105
3626
13
271
332
4904
356
220
18
25
76216
6107
303
3626
220
16
159029
271
27672
220
16
283
76216
13
271
332
4904
356
220
19
25
561
13358
3626
369
3626
220
20
159029
271
27672
220
20
283
24655
13
271
332
4904
356
220
20
25
7124
6107
6849
1245
314
279
4022
3626
159029
271
13672
321
7124
513
23194
11
440
7124
383
279
1245
13
271
332
4904
356
220
21
25
11230
1503
524
3756
303
3626
220
18
159029
271
36769
91050
4526
220
18
13
271
332
4904
356
220
22
25
561
5983
3626
369
3626
220
19
159029
271
27672
220
19
283
7592
13
271
6820
1042
728
15491
1439
25
271
3702
2356
356
220
22
25
4526
220
19
283
7592
13
271
3702
2356
356
220
17
25
31079
369
303
279
6105
3626
13
271
3702
2356
356
220
18
25
4526
220
16
283
76216
13
271
3702
2356
356
220
19
25
4526
220
20
283
24655
13
271
3702
2356
356
220
22
25
4526
220
19
283
