271
248068
271
248069
271
2
18047
33284
271
550
14392
13909
12
8046
25905
286
271
332
4904
356
220
16
64700
328
760
2438
3626
369
6849
2047
314
279
5983
3626
1
271
12
3605
369
506
2234
220
16
11
7592
369
506
2234
220
17
198
12
86549
25
8432
11
5626
11
24655
11069
9599
220
18
11
220
19
11
220
20
271
332
4904
356
220
17
64700
328
77805
6107
303
279
6105
3626
1
271
12
8432
369
506
2234
220
18
198
12
86549
25
5626
11
24655
11069
9599
220
19
11
220
20
271
332
4904
356
220
18
64700
328
195947
6107
303
3626
220
16
1
271
12
4526
220
16
369
1381
10457
430
2972
195947
332
198
12
86549
25
5626
11
24655
11069
9599
220
19
11
220
20
271
332
4904
356
220
19
64700
328
760
13358
3626
369
3626
220
20
1
271
12
4526
220
20
369
1381
10457
430
2972
46110
332
198
12
86549
25
5626
11069
2234
220
19
271
332
4904
356
220
20
64700
328
23790
6107
6849
1245
314
279
4022
3626
1
271
12
5626
369
506
2234
220
19
198
12
7124
369
506
2234
220
20
198
12
86549
25
24655
11069
2234
220
20
271
332
4904
356
220
21
64700
328
36769
1503
524
3756
303
3626
220
18
1
271
12
4526
220
18
369
2582
2972
10025
332
318
77805
681
