271
248068
271
248069
271
2
18047
33284
271
550
14392
13909
12
8046
25905
286
271
332
4904
356
220
16
64700
328
760
2438
3626
369
6849
2047
314
279
5983
3626
1
271
12
3605
283
7592
471
220
16
271
332
4904
356
220
17
64700
328
77805
6107
303
279
6105
3626
1
271
12
31079
283
8432
271
332
4904
356
220
18
64700
328
195947
6107
303
3626
220
16
1
271
12
4526
220
16
283
76216
271
332
4904
356
220
19
64700
328
760
13358
3626
369
3626
220
20
1
271
12
4526
220
20
283
24655
271
332
4904
356
220
20
64700
328
23790
6107
6849
1245
314
279
4022
3626
1
271
12
5626
283
7124
471
220
16
271
332
4904
356
220
21
64700
328
36769
1503
524
3756
303
3626
220
18
1
271
12
4526
220
18
91050
11230
271
332
4904
356
220
22
64700
328
760
5983
3626
369
3626
220
19
1
271
12
4526
220
19
283
7592
271
4277
271
550
12650
33284
271
91
4526
735
220
16
735
220
17
735
220
18
735
220
19
735
220
20
735
198
91
20308
91
4277
91
4277
91
4277
91
4277
91
4277
91
198
91
2972
32178
332
735
2972
195947
332
735
2972
5844
332
735
2972
13672
332
735
2972
18978
332
735
2972
46110
332
735
198
91
2972
61809
505
332
735
2972
195947
332
735
