271
248068
271
248069
271
2
14392
13909
12
8046
71690
271
550
19427
3038
279
27119
10342
271
23841
869
25
2972
22
332
271
91
14392
735
16239
735
27119
10342
735
198
91
16077
91
17549
91
37363
91
198
91
220
16
735
220
22
735
220
22
735
198
91
220
17
735
478
220
16
18
735
220
17
15
735
198
91
220
18
735
23985
220
18
735
220
21
15
735
198
91
220
19
735
23437
220
23
735
220
20
17
735
198
91
220
20
735
1624
115
220
17
735
220
17
21
735
198
91
220
21
735
478
220
19
20
735
220
22
16
735
198
91
220
22
735
23985
220
19
735
220
17
23
19
735
198
91
220
23
735
23437
220
16
16
16
735
220
16
22
18
735
198
91
220
24
735
478
220
16
24
735
220
16
24
17
735
198
91
220
16
15
735
23985
220
17
735
220
18
23
19
735
198
91
220
16
16
735
23437
220
18
22
735
220
18
19
22
735
198
91
220
16
17
735
478
220
23
23
735
220
19
18
20
735
198
91
220
16
18
735
1624
115
220
20
735
2972
23
22
332
735
271
550
12650
21134
271
13682
59
76367
90
23
22
92
13682
271
760
1534
869
1238
660
220
16
18
7289
369
2972
23
22
