271
248068
271
248069
271
2
14392
13909
12
8046
71690
271
550
19427
3038
279
15897
271
760
7258
369
25
198
13682
22
478
220
16
18
1088
14695
220
18
471
220
23
1088
596
220
17
478
220
19
20
1088
14695
220
19
471
220
16
16
16
478
220
16
24
1088
14695
220
17
471
220
18
22
478
220
23
23
1088
596
220
20
13682
271
550
27119
10342
4486
8618
16239
271
91
14392
735
16239
735
27119
10342
735
198
91
16077
91
17549
91
37363
91
198
91
220
16
735
4980
735
2972
22
332
735
198
91
220
17
735
2604
220
16
18
735
2972
17
15
332
735
198
91
220
18
735
68647
539
220
18
735
2972
21
15
332
735
198
91
220
19
735
89999
220
23
735
2972
20
17
332
735
198
91
220
20
735
60783
539
220
17
735
2972
17
21
332
735
198
91
220
21
735
2604
220
19
20
735
2972
22
16
332
735
198
91
220
22
735
68647
539
220
19
735
2972
17
23
19
332
735
198
91
220
23
735
89999
220
16
16
16
735
2972
16
22
18
332
735
198
91
220
24
735
2604
220
16
24
735
2972
16
24
17
332
735
198
91
220
16
15
735
68647
539
220
17
735
2972
18
23
19
332
735
198
91
220
16
16
735
89999
