271
248068
198
40
1144
310
3668
264
8240
314
33633
7289
303
1906
321
1420
279
4162
2702
1238
1754
2923
13
271
23841
869
25
220
22
271
33957
25
198
16
13
2604
220
16
18
11069
220
22
478
220
16
18
283
220
17
15
198
17
13
68647
539
220
18
11069
220
17
15
23985
220
18
283
220
21
15
198
18
13
89999
220
23
11069
220
21
15
471
220
23
283
220
20
17
198
19
13
60783
539
220
17
11069
220
20
17
593
220
17
283
220
17
21
198
20
13
2604
220
19
20
11069
220
17
21
478
220
19
20
283
220
22
16
198
21
13
68647
539
220
19
11069
220
22
16
23985
220
19
283
220
17
23
19
198
22
13
89999
220
16
16
16
11069
220
17
23
19
471
220
16
16
16
283
220
16
22
18
198
23
13
2604
220
16
24
11069
220
16
22
18
478
220
16
24
283
220
16
24
17
198
24
13
68647
539
220
17
11069
220
16
24
17
23985
220
17
283
220
18
23
19
198
16
15
13
89999
220
18
22
11069
220
18
23
19
471
220
18
22
283
220
18
19
22
198
16
16
13
2604
220
23
23
11069
220
18
19
22
478
220
23
23
283
220
19
18
20
198
16
17
13
60783
539
220
