key	value
schema	power-envelope-arm-v1
arm	qwen38-4b-distill-02-package-20w
model_id	qwen38-4b-distill
compute_state_profile	serve-fixed-package-20w
served_status	0
energy_status	0
decode_tok_s	3.3785981466941197
package_watts	16.158035
core_watts	1.306233
package_watts_outer	16.149089
core_watts_outer	1.314488
window_coverage	bracketed
gfxclk_delivered_mean_mhz	1100.0
gfxclk_selected_mhz	1100
fclk_observed_mhz	933
tctl_peak_millidegrees	66250
edge_peak_millidegrees	66000
