271
760
1879
369
220
16
21
9192
1248
13
271
248068
198
40
1144
310
36213
264
33093
1528
5484
440
220
19
5134
318
50
15
11
326
16
11
326
17
11
326
18
8
321
220
17
10804
318
15
321
220
16
681
8427
220
16
21
9192
314
1879
13
271
2381
1754
1879
2612
25
198
12
1368
1879
369
220
15
25
8869
310
279
1727
1528
303
279
10458
318
50
15
49300
50
16
49300
50
17
49300
50
18
49300
50
15
31498
198
12
1368
1879
369
220
16
25
8869
310
264
2086
1528
318
50
15
49300
50
17
49300
50
16
49300
50
18
49300
50
17
31498
271
23841
494
326
15
11
353
3172
1817
1754
2612
321
3627
279
1528
1238
1754
2923
13
271
9764
728
11319
1472
25
198
12
5396
220
15
25
326
15
49300
50
16
198
12
5396
220
16
25
326
15
49300
50
17
198
12
5396
220
15
25
326
17
49300
50
18
198
12
5396
220
16
25
326
18
49300
50
17
198
12
5396
220
15
25
326
17
49300
50
16
198
12
5396
220
16
25
326
16
49300
50
18
198
12
5396
220
15
25
326
18
49300
50
15
198
12
5396
220
16
25
326
15
49300
50
17
198
12
5396
220
15
25
326
17
49300
50
18
198
12
5396
220
16
25
326
18
49300
