271
3925
678
1965
3927
6609
8662
430
25
198
248068
198
58
2014
53983
279
3377
11
2814
6607
4886
11
4992
678
5313
11
198
91087
678
11767
321
795
5759
11125
23941
198
248069
271
71093
12305
198
58
12188
11
75988
6093
440
4479
889
321
913
29642
60
198
71093
271
83017
15673
314
854
2600
1260
22373
13
271
83017
15673
314
1204
310
5427
279
6093
364
279
2018
3377
13
271
83017
15673
314
3433
22373
13
271
83017
15673
314
854
22373
13
271
83017
15673
314
1204
310
5427
279
6093
364
279
4688
3377
13
271
83017
15673
314
3433
22373
13
271
83017
15673
314
854
22373
13
271
83017
15673
314
1204
310
5427
279
6093
364
279
11400
3377
13
271
83017
15673
314
3433
22373
13
271
83017
15673
314
854
22373
13
271
83017
15673
314
1204
310
3579
6607
4886
13
271
83017
15673
314
279
7830
11767
321
795
5759
11125
13
271
83017
15673
314
279
11767
321
795
5759
11125
364
279
17175
3377
13
271
83017
15673
314
279
11767
321
795
5759
11125
364
279
24238
3377
13
271
83017
15673
314
279
11767
321
795
5759
11125
364
279
29398
3377
13
271
83017
15673
314
279
11767
321
795
5759
11125
364
279
35174
3377
13
271
83017
15673
314
279
11767
321
795
5759
11125
364
279
41127
3377
13
271
83017
15673
314
279
11767
321
795
5759
11125
364
