271
248068
271
248069
271
2
3130
12588
17775
271
550
18065
271
332
22532
64700
326
15
11
326
16
11
326
17
11
326
18
2228
332
3066
5745
64700
198
12
2972
2425
220
15
64700
326
15
49300
50
16
11
326
16
49300
50
17
11
326
17
49300
50
18
11
326
18
49300
50
15
198
12
2972
2425
220
16
64700
326
15
49300
50
17
11
326
16
49300
50
15
11
326
17
49300
50
16
11
326
18
49300
50
17
271
332
23841
3130
64700
326
15
271
550
27212
5396
25
220
15
16
16
15
16
15
15
16
16
16
15
16
15
15
16
16
271
91
14392
735
5396
735
8852
3130
735
9019
3130
735
198
91
16077
91
20308
91
37363
91
4996
91
198
91
220
16
735
220
15
735
326
15
735
326
16
735
198
91
220
17
735
220
16
735
326
16
735
326
17
735
198
91
220
18
735
220
16
735
326
17
735
326
18
735
198
91
220
19
735
220
15
735
326
18
735
326
15
735
198
91
220
20
735
220
16
735
326
15
735
326
17
735
198
91
220
21
735
220
15
735
326
17
735
326
16
735
198
91
220
22
735
220
15
735
326
16
735
326
15
735
198
91
220
23
735
220
16
735
326
15
735
326
17
735
198
