271
248068
271
248069
271
2
3130
12588
17775
271
550
3534
220
16
25
220
15
16
16
15
16
15
15
16
16
16
15
16
15
15
16
16
271
23841
1528
25
2972
50
15
332
271
91
14392
735
5396
735
3130
735
8984
735
198
91
16077
91
20308
91
20308
91
502
91
198
91
220
16
735
220
15
735
326
15
735
220
15
735
198
91
220
17
735
220
16
735
326
16
735
220
16
735
198
91
220
18
735
220
16
735
326
17
735
220
16
735
198
91
220
19
735
220
15
735
326
18
735
220
15
735
198
91
220
20
735
220
16
735
326
15
735
220
16
735
198
91
220
21
735
220
15
735
326
16
735
220
15
735
198
91
220
22
735
220
16
735
326
17
735
220
16
735
198
91
220
23
735
220
16
735
326
18
735
220
16
735
198
91
220
24
735
220
15
735
326
15
735
220
15
735
198
91
220
16
15
735
220
16
735
326
16
735
220
16
735
198
91
220
16
16
735
220
15
735
326
17
735
220
15
735
198
91
220
16
17
735
220
16
735
326
18
735
220
16
735
198
91
220
16
18
735
220
15
735
326
15
735
220
15
735
198
91
220
16
19
735
220
16
735
326
