271
248068
198
9764
728
11319
1472
411
1957
1500
539
1500
11
17933
279
869
314
1396
3759
1238
1754
1500
13
271
23841
1528
25
264
283
220
18
11
292
283
220
18
11
272
283
220
18
11
293
283
220
18
271
2380
220
16
25
264
283
220
18
26
11069
264
283
220
18
11
292
283
220
18
11
272
283
220
18
11
293
283
220
18
198
2380
220
17
25
292
283
264
478
220
19
26
11069
264
283
220
18
11
292
283
220
22
11
272
283
220
18
11
293
283
220
18
198
2380
220
18
25
272
283
292
348
220
17
26
11069
264
283
220
18
11
292
283
220
22
11
272
283
220
16
19
11
293
283
220
18
198
2380
220
19
25
264
283
272
471
292
26
11069
264
283
220
16
19
471
220
22
283
220
22
11
292
283
220
22
11
272
283
220
16
19
11
293
283
220
18
198
2380
220
20
25
293
283
264
478
272
26
11069
264
283
220
22
11
292
283
220
22
11
272
283
220
16
19
11
293
283
220
17
16
198
2380
220
21
25
292
283
293
471
264
26
11069
264
283
220
22
11
292
283
220
17
16
471
220
22
283
220
16
19
11
272
283
220
16
19
11
293
283
220
17
16
198
2380
